0.3686    0.3098    0.6353
0.3619    0.3186    0.6394
0.3551    0.3273    0.6436
0.3483    0.3361    0.6478
0.3416    0.3449    0.6519
0.3348    0.3536    0.6561
0.3280    0.3624    0.6602
0.3213    0.3712    0.6644
0.3145    0.3799    0.6685
0.3077    0.3887    0.6727
0.3010    0.3975    0.6768
0.2942    0.4062    0.6810
0.2874    0.4150    0.6851
0.2807    0.4238    0.6893
0.2739    0.4325    0.6934
0.2671    0.4413    0.6976
0.2604    0.4501    0.7017
0.2536    0.4588    0.7059
0.2468    0.4676    0.7100
0.2401    0.4764    0.7142
0.2333    0.4851    0.7183
0.2265    0.4939    0.7225
0.2198    0.5027    0.7266
0.2130    0.5114    0.7308
0.2062    0.5202    0.7349
0.1995    0.5290    0.7391
0.2001    0.5378    0.7393
0.2081    0.5467    0.7356
0.2161    0.5556    0.7319
0.2241    0.5646    0.7283
0.2321    0.5735    0.7246
0.2401    0.5824    0.7209
0.2481    0.5913    0.7172
0.2561    0.6002    0.7135
0.2641    0.6092    0.7098
0.2720    0.6181    0.7061
0.2800    0.6270    0.7024
0.2880    0.6359    0.6987
0.2960    0.6448    0.6950
0.3040    0.6537    0.6913
0.3120    0.6627    0.6877
0.3200    0.6716    0.6840
0.3280    0.6805    0.6803
0.3360    0.6894    0.6766
0.3440    0.6983    0.6729
0.3520    0.7073    0.6692
0.3600    0.7162    0.6655
0.3680    0.7251    0.6618
0.3760    0.7340    0.6581
0.3840    0.7429    0.6544
0.3920    0.7519    0.6507
0.4000    0.7608    0.6471
0.4106    0.7649    0.6469
0.4212    0.7691    0.6468
0.4318    0.7732    0.6466
0.4424    0.7774    0.6464
0.4531    0.7815    0.6463
0.4637    0.7857    0.6461
0.4743    0.7899    0.6460
0.4849    0.7940    0.6458
0.4955    0.7982    0.6457
0.5061    0.8023    0.6455
0.5167    0.8065    0.6454
0.5273    0.8106    0.6452
0.5379    0.8148    0.6451
0.5486    0.8189    0.6449
0.5592    0.8231    0.6448
0.5698    0.8272    0.6446
0.5804    0.8314    0.6444
0.5910    0.8355    0.6443
0.6016    0.8397    0.6441
0.6122    0.8438    0.6440
0.6228    0.8480    0.6438
0.6334    0.8521    0.6437
0.6441    0.8563    0.6435
0.6547    0.8604    0.6434
0.6653    0.8646    0.6432
0.6751    0.8685    0.6422
0.6842    0.8722    0.6404
0.6933    0.8759    0.6385
0.7023    0.8796    0.6367
0.7114    0.8833    0.6348
0.7205    0.8870    0.6330
0.7296    0.8907    0.6311
0.7386    0.8943    0.6293
0.7477    0.8980    0.6275
0.7568    0.9017    0.6256
0.7659    0.9054    0.6238
0.7749    0.9091    0.6219
0.7840    0.9128    0.6201
0.7931    0.9165    0.6182
0.8022    0.9202    0.6164
0.8112    0.9239    0.6145
0.8203    0.9276    0.6127
0.8294    0.9313    0.6108
0.8384    0.9349    0.6090
0.8475    0.9386    0.6072
0.8566    0.9423    0.6053
0.8657    0.9460    0.6035
0.8747    0.9497    0.6016
0.8838    0.9534    0.5998
0.8929    0.9571    0.5979
0.9020    0.9608    0.5961
0.9058    0.9623    0.6021
0.9097    0.9639    0.6081
0.9135    0.9654    0.6141
0.9173    0.9669    0.6201
0.9212    0.9685    0.6261
0.9250    0.9700    0.6321
0.9289    0.9715    0.6381
0.9327    0.9731    0.6441
0.9366    0.9746    0.6501
0.9404    0.9762    0.6561
0.9443    0.9777    0.6621
0.9481    0.9792    0.6681
0.9519    0.9808    0.6740
0.9558    0.9823    0.6800
0.9596    0.9839    0.6860
0.9635    0.9854    0.6920
0.9673    0.9869    0.6980
0.9712    0.9885    0.7040
0.9750    0.9900    0.7100
0.9789    0.9915    0.7160
0.9827    0.9931    0.7220
0.9865    0.9946    0.7280
0.9904    0.9962    0.7340
0.9942    0.9977    0.7400
0.9981    0.9992    0.7460
0.9999    0.9976    0.7450
0.9998    0.9928    0.7370
0.9996    0.9881    0.7290
0.9995    0.9833    0.7210
0.9993    0.9785    0.7130
0.9992    0.9738    0.7050
0.9990    0.9690    0.6970
0.9988    0.9642    0.6890
0.9987    0.9595    0.6810
0.9985    0.9547    0.6730
0.9984    0.9499    0.6651
0.9982    0.9452    0.6571
0.9981    0.9404    0.6491
0.9979    0.9356    0.6411
0.9978    0.9309    0.6331
0.9976    0.9261    0.6251
0.9975    0.9213    0.6171
0.9973    0.9166    0.6091
0.9972    0.9118    0.6011
0.9970    0.9070    0.5931
0.9968    0.9023    0.5851
0.9967    0.8975    0.5771
0.9965    0.8927    0.5691
0.9964    0.8880    0.5611
0.9962    0.8832    0.5531
0.9961    0.8784    0.5451
0.9959    0.8737    0.5371
0.9958    0.8690    0.5291
0.9956    0.8642    0.5211
0.9955    0.8595    0.5131
0.9953    0.8547    0.5051
0.9952    0.8500    0.4971
0.9950    0.8452    0.4891
0.9948    0.8405    0.4811
0.9947    0.8357    0.4731
0.9945    0.8310    0.4651
0.9944    0.8262    0.4571
0.9942    0.8215    0.4491
0.9941    0.8167    0.4411
0.9939    0.8120    0.4331
0.9938    0.8072    0.4251
0.9936    0.8025    0.4171
0.9934    0.7977    0.4091
0.9933    0.7930    0.4011
0.9931    0.7882    0.3931
0.9930    0.7835    0.3851
0.9928    0.7787    0.3771
0.9927    0.7740    0.3691
0.9925    0.7692    0.3611
0.9924    0.7645    0.3531
0.9922    0.7597    0.3451
0.9921    0.7550    0.3371
0.9919    0.7502    0.3291
0.9918    0.7455    0.3211
0.9916    0.7407    0.3131
0.9914    0.7360    0.3051
0.9913    0.7312    0.2971
0.9911    0.7265    0.2891
0.9910    0.7217    0.2811
0.9908    0.7170    0.2731
0.9907    0.7122    0.2651
0.9905    0.7075    0.2571
0.9904    0.7027    0.2491
0.9902    0.6980    0.2411
0.9901    0.6932    0.2331
0.9899    0.6885    0.2251
0.9898    0.6837    0.2171
0.9896    0.6790    0.2091
0.9894    0.6742    0.2011
0.9893    0.6695    0.1931
0.9891    0.6647    0.1851
0.9890    0.6600    0.1771
0.9888    0.6552    0.1691
0.9887    0.6505    0.1611
0.9885    0.6457    0.1531
0.9883    0.6410    0.1451
0.9882    0.6362    0.1371
0.9880    0.6315    0.1291
0.9879    0.6267    0.1211
0.9877    0.6220    0.1131
0.9876    0.6172    0.1051
0.9874    0.6125    0.0971
0.9873    0.6077    0.0891
0.9871    0.6030    0.0811
0.9870    0.5982    0.0731
0.9868    0.5935    0.0651
0.9867    0.5887    0.0571
0.9865    0.5840    0.0491
0.9864    0.5792    0.0411
0.9862    0.5745    0.0331
0.9861    0.5697    0.0251
0.9859    0.5650    0.0171
0.9858    0.5602    0.0091
0.9856    0.5555    0.0011
0.9854    0.5507    0.0000
0.9853    0.5460    0.0000
0.9851    0.5412    0.0000
0.9850    0.5365    0.0000
0.9848    0.5317    0.0000
0.9847    0.5270    0.0000
0.9845    0.5222    0.0000
0.9844    0.5175    0.0000
0.9842    0.5127    0.0000
0.9841    0.5080    0.0000
0.9839    0.5032    0.0000
0.9838    0.4985    0.0000
0.9836    0.4937    0.0000
0.9835    0.4890    0.0000
0.9833    0.4842    0.0000
0.9832    0.4795    0.0000
0.9830    0.4747    0.0000
0.9829    0.4700    0.0000
0.9827    0.4652    0.0000
0.9826    0.4605    0.0000
0.9824    0.4557    0.0000
0.9823    0.4510    0.0000
0.9821    0.4462    0.0000
0.9820    0.4415    0.0000
0.9818    0.4367    0.0000
0.9817    0.4320    0.0000
0.9815    0.4272    0.0000
0.9814    0.4225    0.0000
0.9812    0.4177    0.0000
0.9811    0.4130    0.0000
0.9809    0.4082    0.0000
0.9808    0.4035    0.0000
0.9806    0.3987    0.0000
0.9805    0.3940    0.0000
0.9803    0.3892    0.0000
0.9802    0.3845    0.0000
0.9800    0.3797    0.0000
0.9799    0.3750    0.0000
0.9797    0.3702    0.0000
0.9796    0.3655    0.0000
0.9794    0.3607    0.0000
0.9793    0.3560    0.0000
0.9791    0.3512    0.0000
0.9790    0.3465    0.0000
0.9788    0.3417    0.0000
0.9787    0.3370    0.0000
0.9785    0.3322    0.0000
0.9784    0.3275    0.0000
0.9782    0.3227    0.0000
0.9781    0.3180    0.0000
0.9779    0.3132    0.0000
0.9778    0.3085    0.0000
0.9776    0.3037    0.0000
0.9775    0.2990    0.0000
0.9773    0.2942    0.0000
0.9772    0.2895    0.0000
0.9770    0.2847    0.0000
0.9769    0.2800    0.0000
0.9767    0.2752    0.0000
0.9766    0.2705    0.0000
0.9764    0.2657    0.0000
0.9763    0.2610    0.0000
0.9761    0.2562    0.0000
0.9760    0.2515    0.0000
0.9758    0.2467    0.0000
0.9757    0.2420    0.0000
0.9755    0.2372    0.0000
0.9754    0.2325    0.0000
0.9752    0.2277    0.0000
0.9751    0.2230    0.0000
0.9749    0.2182    0.0000
0.9748    0.2135    0.0000
0.9746    0.2087    0.0000
0.9745    0.2040    0.0000
0.9743    0.1992    0.0000
0.9742    0.1945    0.0000
0.9740    0.1897    0.0000
0.9739    0.1850    0.0000
0.9737    0.1802    0.0000
0.9736    0.1755    0.0000
0.9734    0.1707    0.0000
0.9733    0.1660    0.0000
0.9731    0.1612    0.0000
0.9730    0.1565    0.0000
0.9728    0.1517    0.0000
0.9727    0.1470    0.0000
0.9725    0.1422    0.0000
0.9724    0.1375    0.0000
0.9722    0.1327    0.0000
0.9721    0.1280    0.0000
0.9719    0.1232    0.0000
0.9718    0.1185    0.0000
0.9716    0.1137    0.0000
0.9715    0.1090    0.0000
0.9713    0.1042    0.0000
0.9712    0.0995    0.0000
0.9710    0.0947    0.0000
0.9709    0.0900    0.0000
0.9707    0.0852    0.0000
0.9706    0.0805    0.0000
0.9704    0.0757    0.0000
0.9703    0.0710    0.0000
0.9701    0.0662    0.0000
0.9700    0.0615    0.0000
0.9698    0.0567    0.0000
0.9697    0.0520    0.0000
0.9695    0.0472    0.0000
0.9694    0.0425    0.0000
0.9692    0.0377    0.0000
0.9691    0.0330    0.0000
0.9689    0.0282    0.0000
0.9688    0.0235    0.0000
0.9686    0.0187    0.0000
0.9685    0.0140    0.0000
0.9683    0.0092    0.0000
0.9682    0.0045    0.0000
0.9680    0.0000    0.0000
